11111100000000000000000000000000
01101100000000000000000000011110
01101000000101111000000000000001
00011100001101111000000000000010
00011100001100001100000000000001
01100100010001111000000000000010
01010000010100000000000000000001
01000000010000010100000000000011
01001100001000010100000000000000
01100100000101111000000000000001
01110000000100000000000000000000
00000100011000010000010100000000
00011100001100001100000000000001
01101000011000001100000000000000
00011100001100001100000000000001
01101001111000001100000000000000
01001101111000001100000000000000
00100000001100001100000000000001
01100100001000001100000000000000
00100000001100001100000000000001
01101000001001111000000000000010
01110100000000000000000000000010
01001100001101111000000000000000
01100101111001111000000000000000
00011100001101111000000000000011
01100100011101111000000000000010
00001000100000011100001000000000
01001100001000100000000000000000
01100100000101111000000000000001
01110000000100000000000000000000
00011100001101111000000000000010
00011100001100001100000000000001
00011100001100001100000000000001
10000000001000000000000000000000
01101000001001111000000000000011
01100100100101111000000000000011
00011100001100001100000000000001
01101000100100001100000000000000
00011100001100001100000000000001
01101001111000001100000000000000
01001101111000001100000000000000
00100000001100001100000000000001
01100100001000001100000000000000
00100000001100001100000000000001
01101000001001111000000000000010
01110100000000000000000000000010
01001100001101111000000000000000
01100101111001111000000000000000
00011100001101111000000000000100
01101000001001111000000000000010
01100100101001111000000000000010
00011100001100001100000000000001
01101000101000001100000000000000
01100101111100001100000000000000
10000101111100000000000000000000
00100000001100001100000000000001
10001100000000000000000000000000
